457794718148303
915366503885518
533351719916648
108291437498740
989281085488410
994958895393335
530562853823217
917341532123528
456923819456064
916556264224662
541101125807885
442227013249722
541819957559486
535010552073515
306231124914922
505067861841780
517262153965191
455495549769448
495919855413392
536239518079113
513816962281076
493323589881325
335828576350532
302016252639332
017187901576005
103674790356552
917415150371096
357549592394378
496268371711783
522959029925225
017219140871747
534876511128538
495021631728993
358138680873342
334421234766355
441284227047062
503164718361443
986646748558242
999972272213177
983526913262320
495716058700694
494891980403369
514397128114971
331418876164140
355706079046127
356721381119289
526170572004543
916203574190560
915765595146467
990890285071680
441463405002905
491450667132958
301524597779342
356212683536057
491914603182336
539145949376274
450666967295695
502205282717071
100189891834905
865984263255522
359214837819576
913779118522940
535307209553257
491923881275639
995610032550330
352490832182692
993158684880375
914890864530950
303453722149999
305041852016597
505791132285085
502577760119578
523732762429112
491265090800637
539976820414036
458227013405556
999219263868639
353950393200570
303989066473784
500482936429070
456586740889727
512911580156726
300373509497200
980466223158301
995724246609541
545088056442020
505257393598558
914552788203227
453109428043484
359749177240966
541623311767425
867849908066105
442540745372715
495392623893891
509755488802666
523046083300971
444179829023999
546938034429912
981196241184927
501531099947291
